-0.17
-0.07
-0.16
 0.87
 0.27
 0.01
 0.52
 0.10
 0.90
 0.01
 1.21
 1.91
 1.50
 1.10
 1.80
 1.08
 1.59
 1.63
 1.40
 1.04
 1.78
 1.58
 1.83
 1.87
 1.02
 1.08
 1.11
 1.11
 1.37
 2.19
 2.26
 2.73
 2.93
 2.28
 2.04
 2.89
 2.20
 2.60
 2.73
 2.53
 2.99
 2.20
 2.67
 2.05
 2.77
 2.61
 2.63
 2.48
 2.53
 2.93
 2.36
 2.30
 2.23
 2.42
 2.23
 2.89
 2.81
 2.95
 2.08
 2.15
 2.34
 2.27
 2.95
 2.20
 2.96
 2.54
 2.64
 3.14
 3.49
 3.70
 3.73
 3.25
 3.44
 3.75
 3.10
 3.80
 3.30
 3.12
 3.78
 3.39
 3.84
 3.60
 3.33
 3.23
 3.30
 3.95
 3.14
 3.22
 3.24
 3.36
 3.91
 3.63
 3.14
 3.35
 3.78
 3.08
 3.64
 3.87
 3.17
 3.09
 3.19
 3.99
 3.83
 3.68
 3.27
 3.22
 3.81
 3.57
 3.95
 3.11
 3.24
 3.28
 3.49
 3.17
 3.31
 3.33
 3.90
 3.16
 3.85
 3.21
 3.90
 3.20
 3.90
 3.17
 3.62
 3.73
 3.84
 3.63
 3.81
 3.56
 3.66
 3.26
 3.61
 3.98
 3.01
 3.81
 3.19
 3.37
 3.38
 3.71
 3.59
 3.13
 3.68
 3.18
 3.54
 3.71
 3.52
 3.55
 3.04
 3.41
 3.56
 3.31
 3.89
 3.18
 3.01
 3.62
 3.53
 3.76
 3.49
 3.90
 3.07
 3.23
 3.87
 3.23
 4.35
 4.56
 4.16
 4.44
 4.88
 4.93
 4.03
 4.97
 4.24
 4.61
 4.41
 4.01
 4.76
 4.59
 4.61
 4.45
 4.35
 4.26
 4.15
 4.33
 4.41
 4.73
 4.88
 4.34
 4.08
 4.90
 4.56
 4.59
 4.62
 4.78
 4.35
 4.03
 4.07
 4.70
 4.02
 4.81
 4.60
 4.96
 4.07
 4.84
 4.10
 4.79
 4.35
 4.34
 4.28
 4.88
 4.50
 4.39
 4.86
 4.42
 4.20
 4.97
 4.95
 4.57
 4.14
 4.81
 4.79
 4.70
 4.96
 4.99
 4.77
 4.98
 4.29
 4.18
 4.46
 4.31
 4.52
 4.12
 4.90
 4.01
 4.82
 4.03
 4.23
 4.50
 4.95
 4.96
 4.49
 4.25
 4.95
 4.69
 4.72
 4.31
 4.36
 4.28
 4.93
 4.59
 4.31
 4.92
 4.03
 4.08
 4.69
 4.92
 4.27
 4.78
 4.26
 4.65
 4.29
 4.15
 4.48
 4.07
 4.23
 4.50
 4.22
 4.77
 4.26
 4.83
 4.61
 4.38
 4.75
 4.17
 4.55
 4.24
 4.10
 4.55
 5.00
 4.01
 4.71
 4.42
 4.81
 4.82
 4.07
 4.11
 4.54
 4.87
 4.55
 4.05
 4.70
 4.79
 4.53
 4.56
 4.39
 4.14
 4.09
 4.10
 4.62
 4.90
 4.35
 4.58
 4.04
 4.89
 4.86
 4.49
 4.73
 4.08
 4.52
 4.13
 4.02
 4.72
 4.24
 4.65
 4.04
 4.93
 4.99
 4.90
 4.11
 4.58
 4.71
 4.46
 4.64
 4.66
 4.62
 4.78
 4.96
 4.82
 4.17
 4.79
 4.48
 4.51
 4.21
 4.25
 4.45
 4.36
 4.32
 4.86
 4.73
 4.50
 4.34
 4.09
 4.28
 4.41
 4.23
 5.94
 5.08
 5.70
 5.31
 5.83
 5.83
 5.31
 5.58
 5.63
 5.98
 5.81
 5.33
 5.48
 5.41
 5.06
 5.68
 5.38
 5.86
 5.77
 5.07
 5.80
 5.90
 5.11
 5.19
 5.67
 5.07
 5.26
 5.83
 5.01
 5.33
 5.67
 5.64
 5.64
 5.24
 5.35
 5.87
 5.75
 5.72
 5.62
 5.02
 5.64
 5.12
 5.79
 5.50
 5.07
 5.76
 5.61
 5.01
 5.93
 5.72
 5.92
 5.23
 5.61
 5.51
 5.81
 5.22
 5.02
 5.11
 5.20
 5.11
 5.59
 5.81
 5.20
 5.31
 5.78
 5.36
 5.38
 5.08
 5.65
 5.88
 5.13
 5.53
 5.53
 5.39
 5.24
 5.76
 5.47
 5.97
 5.58
 5.05
 5.05
 5.70
 5.34
 5.40
 5.99
 5.53
 5.75
 5.09
 5.94
 5.78
 5.72
 5.15
 5.65
 5.56
 5.00
 5.07
 5.45
 5.54
 5.65
 5.85
 5.15
 5.45
 5.57
 5.23
 5.60
 5.15
 5.22
 5.27
 5.48
 5.05
 5.32
 5.69
 5.27
 5.85
 5.53
 5.70
 5.48
 5.97
 5.40
 5.70
 5.83
 5.87
 5.53
 5.94
 5.88
 5.29
 5.31
 5.50
 5.15
 5.35
 5.75
 5.10
 5.66
 5.28
 5.44
 5.92
 5.75
 5.08
 5.76
 5.43
 5.32
 5.39
 5.07
 5.73
 5.90
 5.35
 5.52
 5.39
 5.99
 5.28
 5.65
 5.32
 5.04
 5.07
 5.02
 5.71
 5.98
 5.12
 5.15
 5.57
 5.39
 5.47
 5.92
 5.25
 5.88
 5.20
 5.66
 5.61
 5.41
 5.85
 5.02
 5.58
 5.84
 5.03
 5.31
 5.28
 5.48
 5.93
 5.36
 5.59
 5.15
 5.94
 5.02
 5.07
 5.02
 6.40
 6.87
 6.45
 6.18
 6.62
 7.00
 6.52
 6.22
 6.34
 6.57
 6.03
 6.42
 6.39
 6.03
 6.61
 6.09
 6.60
 6.38
 6.89
 6.19
 6.43
 6.10
 6.28
 6.51
 6.75
 6.13
 6.76
 6.94
 6.51
 6.39
 6.95
 6.02
 6.65
 6.45
 6.80
 6.38
 6.80
 6.04
 6.61
 6.81
 6.40
 6.33
 6.70
 6.20
 6.76
 6.76
 6.72
 7.00
 6.75
 6.12
 6.17
 6.25
 6.36
 6.92
 6.98
 6.31
 6.15
 6.29
 6.04
 6.27
 6.84
 6.93
 6.50
 6.30
 6.28
 6.08
 6.39
 6.51
 6.58
 6.62
 6.39
 6.21
 6.32
 6.05
 6.74
 6.77
 6.36
 6.99
 6.21
 6.84
 6.24
 6.73
 6.59
 6.85
 6.93
 6.53
 6.92
 6.03
 6.70
 6.23
 6.50
 6.91
 6.83
 6.93
 6.90
 6.18
 6.13
 6.29
 6.48
 6.04
 6.07
 6.51
 6.42
 6.13
 6.97
 6.30
 6.99
 6.69
 6.45
 6.58
 6.42
 6.63
 6.86
 6.69
 6.65
 6.78
 6.49
 6.28
 6.15
 6.18
 6.64
 6.12
 6.92
 6.95
 6.04
 6.59
 6.42
 6.77
 6.69
 6.05
 6.42
 6.34
 6.39
 6.07
 6.81
 6.61
 6.50
 6.51
 6.57
 6.17
 6.92
 6.09
 6.94
 6.93
 6.65
 6.17
 6.31
 6.45
 6.75
 6.24
 6.62
 6.29
 6.12
 6.41
 6.07
 6.99
 6.23
 6.42
 6.55
 6.18
 6.51
 6.96
 6.70
 6.53
 6.63
 6.98
 6.48
 6.90
 6.71
 6.58
 6.99
 6.74
 6.58
 6.04
 6.17
 6.22
 6.36
 6.23
 6.03
 6.87
 6.18
 6.94
 6.11
 6.56
 6.60
 6.47
 6.91
 6.05
 6.79
 6.28
 6.55
 6.67
 6.96
 6.86
 6.59
 6.58
 6.96
 6.91
 6.64
 6.89
 6.76
 6.64
 6.96
 6.04
 6.70
 6.92
 6.52
 6.29
 6.19
 6.48
 6.21
 6.09
 6.63
 6.33
 6.86
 6.85
 6.44
 6.89
 6.33
 6.40
 6.97
 6.95
 6.05
 6.82
 6.09
 6.51
 6.18
 6.76
 6.42
 6.56
 6.17
 6.06
 6.09
 6.25
 6.17
 6.25
 6.78
 6.12
 6.90
 6.43
 6.99
 6.83
 6.59
 6.67
 6.36
 7.01
 7.11
 7.87
 7.35
 7.88
 7.83
 7.30
 7.48
 7.51
 7.19
 7.35
 7.17
 7.25
 7.38
 7.13
 7.65
 7.38
 7.11
 7.77
 7.77
 7.21
 7.36
 7.46
 7.72
 7.98
 7.68
 7.33
 7.72
 7.86
 7.23
 7.88
 7.52
 7.27
 7.76
 7.33
 7.23
 7.15
 7.97
 7.56
 7.39
 7.39
 7.56
 7.55
 7.48
 7.58
 7.87
 7.39
 7.12
 7.38
 7.95
 7.05
 7.11
 7.12
 7.52
 7.18
 7.93
 7.66
 7.15
 7.44
 7.70
 7.75
 7.04
 7.85
 7.46
 7.70
 7.08
 7.43
 7.68
 7.73
 7.75
 7.92
 7.61
 7.92
 7.81
 7.28
 7.69
 7.19
 7.62
 7.99
 7.17
 7.84
 7.68
 7.29
 7.14
 7.86
 7.31
 7.00
 7.85
 7.13
 7.92
 7.68
 7.02
 7.48
 7.51
 7.75
 7.41
 7.88
 7.77
 7.93
 7.78
 7.67
 7.80
 7.23
 7.82
 7.44
 7.78
 7.83
 7.07
 7.25
 7.92
 7.48
 7.16
 7.24
 7.04
 7.76
 7.79
 7.77
 7.82
 7.27
 7.67
 7.03
 7.18
 7.07
 7.23
 7.56
 7.22
 7.85
 7.76
 7.24
 7.27
 7.08
 7.24
 7.22
 7.95
 7.62
 7.17
 7.92
 7.07
 7.03
 7.53
 7.65
 7.52
 7.22
 7.27
 7.17
 7.16
 7.65
 7.57
 7.95
 7.71
 7.93
 7.38
 7.80
 7.92
 7.15
 7.52
 7.53
 7.44
 7.95
 7.66
 7.93
 7.06
 7.90
 7.50
 7.71
 7.32
 7.43
 7.04
 7.62
 7.26
 7.26
 7.73
 7.46
 7.54
 7.82
 7.91
 7.56
 7.67
 7.02
 7.56
 7.04
 7.52
 7.70
 7.22
 7.26
 7.85
 7.94
 7.64
 7.48
 7.89
 7.82
 8.48
 8.46
 8.41
 8.39
 8.87
 8.99
 8.83
 8.02
 8.68
 8.90
 8.80
 8.24
 8.19
 8.12
 8.96
 8.41
 8.81
 8.56
 8.06
 8.97
 8.44
 8.32
 8.70
 8.87
 8.33
 8.52
 8.33
 8.46
 8.18
 8.64
 8.67
 8.80
 8.83
 8.68
 8.76
 8.55
 8.83
 8.35
 8.57
 8.37
 8.50
 8.44
 8.89
 8.77
 8.46
 8.48
 8.97
 8.48
 8.07
 8.04
 8.60
 8.94
 8.66
 8.68
 8.15
 8.21
 8.11
 8.10
 8.34
 8.42
 8.22
 8.97
 8.17
 8.23
 8.37
 8.67
 8.12
 8.62
 8.99
 8.25
 8.23
 8.52
 8.21
 8.37
 8.75
 8.16
 8.62
 8.34
 8.76
 8.25
 8.51
 8.66
 8.69
 8.44
 8.56
 8.84
 8.87
 8.65
 8.15
 8.80
 8.02
 8.80
 8.99
 8.55
 8.72
 8.32
 8.88
 8.24
 8.05
 8.06
 8.88
 8.12
 8.42
 8.22
 8.63
 8.65
 8.38
 8.14
 8.66
 8.19
 8.03
 8.87
 8.24
 8.06
 8.18
 8.56
 8.91
 8.72
 8.85
 8.55
 8.60
 8.26
 8.03
 8.70
 8.47
 8.98
 8.20
 8.79
 8.85
 8.45
 8.68
 8.50
 8.78
 8.60
 8.76
 8.02
 8.85
 8.10
 8.22
 8.80
 8.07
 8.89
 8.53
 8.46
 8.12
 8.42
 8.20
 8.03
 8.68
 8.55
 8.84
 8.02
 8.83
 8.35
 8.30
 8.34
 8.36
 8.55
 8.39
 8.51
 8.68
 8.34
 8.34
 8.71
 8.14
 8.33
 8.57
 8.05
 8.86
 8.92
 8.29
 8.60
 8.33
 8.52
 8.41
 8.42
 8.31
 8.12
 8.95
 8.24
 8.33
 8.67
 8.26
 8.89
 8.87
 8.25
 8.01
 8.04
 8.80
 8.27
 8.32
 8.52
 8.17
 8.00
 8.63
 8.89
 8.56
 8.35
 8.63
 9.07
 9.69
 9.55
 9.07
 9.27
 9.48
 9.45
 9.00
 9.36
 9.19
 9.29
 9.10
 9.40
 9.68
 9.02
 9.67
 9.44
 9.24
 9.48
 9.37
 9.72
 9.90
 9.75
 9.48
 9.20
 9.05
 9.38
 9.53
 9.27
 9.46
 9.10
 9.20
 9.71
 9.46
 9.89
 9.00
 9.54
 9.85
 9.45
 9.05
 9.21
 9.23
 9.90
 9.47
 9.04
 9.03
10.00
 9.09
 9.54
 9.25
 9.25
 9.73
 9.85
 9.55
 9.15
 9.78
 9.51
 9.61
 9.65
 9.49
 9.75
 9.39
 9.72
 9.66
 9.79
 9.10
 9.84
 9.21
 9.86
 9.35
 9.20
 9.10
 9.29
 9.61
 9.46
 9.14
 9.55
 9.07
 9.35
 9.06
 9.67
 9.38
 9.86
 9.53
 9.43
 9.85
 9.95
 9.39
 9.71
 9.68
 9.42
 9.75
 9.47
 9.23
 9.04
 9.76
 9.93
 9.30
 9.67
 9.89
 9.46
 9.35
 9.62
 9.59
 9.36
 9.13
 9.50
 9.37
 9.88
 9.19
 9.16
 9.53
 9.69
 9.45
 9.12
 9.49
 9.84
 9.95
 9.99
 9.20
 9.92
 9.54
 9.48
 9.48
 9.38
 9.78
 9.66
 9.63
 9.88
 9.56
 9.24
 9.24
 9.90
 9.13
 9.60
 9.37
 9.99
 9.57
 9.23
 9.13
 9.02
 9.84
 9.78
10.49
10.90
10.39
10.93
10.02
10.50
10.98
10.01
10.73
10.98
10.20
10.91
10.59
10.31
10.59
10.70
10.19
10.05
10.42
10.58
10.78
10.82
10.85
10.71
10.77
10.64
10.83
10.37
10.97
10.87
10.54
10.18
10.49
10.73
10.19
10.71
10.74
10.22
10.27
10.02
10.04
10.70
10.14
10.70
10.88
10.09
10.15
10.31
10.60
10.29
10.47
10.52
10.76
10.47
10.39
10.32
10.87
10.32
10.27
10.25
10.03
10.60
10.97
10.86
10.01
10.56
10.24
10.61
10.51
10.45
10.23
10.81
10.81
10.76
10.86
10.13
10.42
10.69
10.67
10.67
10.04
10.52
10.63
10.05
10.84
10.31
10.71
10.00
10.66
10.87
10.44
10.07
10.84
10.67
10.01
10.11
10.22
10.73
10.07
10.64
10.43
10.81
10.56
10.43
10.77
10.37
10.18
10.11
10.99
10.38
10.42
10.67
10.58
10.90
10.22
10.15
10.89
10.95
10.68
10.44
11.68
11.97
11.03
11.67
11.28
11.65
11.68
11.78
11.47
11.61
11.25
11.21
11.85
11.12
11.62
11.17
11.97
11.69
11.14
11.89
11.18
11.20
11.40
11.21
11.78
11.33
11.84
11.03
11.81
11.13
11.60
11.10
11.79
11.35
11.74
11.29
11.63
11.58
11.71
11.55
11.05
11.40
11.70
11.51
11.76
11.77
11.67
11.08
11.76
11.03
11.74
11.51
11.79
11.18
11.51
11.21
11.94
11.57
11.35
11.97
11.61
11.70
11.86
11.46
11.91
11.99
11.96
11.56
11.77
11.68
11.62
11.39
11.72
11.67
11.42
11.81
11.05
11.37
11.73
11.47
11.23
11.29
11.07
11.85
11.93
11.35
11.78
11.43
11.33
11.11
12.00
11.81
11.41
11.20
11.97
11.09
11.33
11.24
11.96
11.74
11.59
11.96
11.32
11.71
11.82
11.50
11.16
11.37
11.66
11.62
11.37
11.68
11.26
11.89
11.12
11.63
11.47
11.73
11.56
12.69
12.05
13.00
12.50
12.79
12.65
12.91
12.04
12.62
12.34
12.05
12.47
12.26
12.20
12.31
12.20
12.87
12.47
12.60
12.15
12.06
12.69
12.26
12.32
12.39
12.62
12.10
12.05
12.22
12.96
12.87
12.47
12.92
12.87
12.71
12.75
12.37
12.02
12.79
12.83
12.08
12.54
12.48
12.72
12.94
12.68
12.53
12.75
12.78
12.75
12.36
12.65
12.06
12.02
12.00
12.89
12.81
12.54
12.89
12.16
12.93
12.73
12.29
12.49
12.23
12.29
12.30
12.21
12.12
12.90
12.55
12.07
12.54
12.85
12.95
12.66
12.84
12.84
12.19
12.10
12.50
12.03
12.89
12.91
12.73
12.07
12.54
12.23
12.54
12.04
12.22
12.33
12.61
12.32
12.60
12.56
12.18
12.04
12.93
12.34
12.83
12.32
12.31
12.89
12.06
12.99
12.46
12.40
12.59
12.25
12.53
12.87
12.28
12.40
12.09
12.50
12.28
12.80
12.83
12.17
12.37
12.83
12.23
12.70
12.76
12.73
12.48
12.93
12.90
12.54
12.96
12.04
12.61
12.89
12.37
13.11
13.15
13.85
13.89
13.23
13.92
13.54
13.22
13.04
13.96
13.52
13.63
13.29
13.46
13.34
13.97
13.82
13.38
13.71
13.30
13.74
13.78
13.31
13.54
13.99
13.61
13.37
13.84
13.88
13.43
13.88
13.05
13.37
13.26
13.43
13.83
13.10
13.39
13.53
13.87
13.70
13.93
13.08
13.28
13.08
13.61
13.64
13.59
13.40
13.35
14.19
14.48
14.65
14.41
14.37
14.13
14.23
14.82
14.84
14.89
14.85
14.02
14.63
14.09
14.24
14.97
14.63
14.43
14.02
14.96
14.99
14.41
15.25
15.61
15.36
15.08
15.09
15.93
15.93
15.74
15.27
15.41
15.35
15.27
15.56
15.59
15.41
15.96
15.37
15.89
15.46
15.62
15.24
15.71
15.35
15.78
15.92
15.52
15.36
